1 420.967
2 443.4
3 458.8
4 458.8
5 483.5
6 483.5
7 501.667
8 501.667
9 527.467
10 527.467
11 536.233
12 536.233
13 553.5
14 553.5
15 555.3
16 555.3
17 563.433
18 563.433
19 585.333
20 585.333
21 587.667
22 587.667
23 608.867
24 608.867
25 622.433
26 622.433
27 635.433
28 635.433
29 654.1
30 654.1
31 667.767
32 667.767
33 691.9
34 691.9
35 709.3
36 709.3
37 713.567
38 713.567
39 715.2
40 715.2
41 736.4
42 738.733
43 738.733
44 738.733
45 739
46 739
47 739
48 739
49 745.067
50 745.067
51 745.067
52 745.067
53 749.333
54 749.333
55 751.667
56 751.667
57 760.2
58 760.2
59 760.2
60 760.2
61 761.267
62 761.267
63 761.267
64 761.267
65 765.533
66 765.533
67 765.667
68 765.667
69 765.667
70 765.667
71 765.8
72 765.8
73 765.8
74 765.8
75 765.933
76 765.933
77 765.933
78 765.933
79 765.933
80 765.933
81 765.933
82 765.933
83 765.933
84 765.933
85 765.933
86 765.933
87 765.933
88 765.933
89 765.933
90 765.933
91 765.933
92 765.933
93 765.933
94 765.933
95 765.933
96 765.933
97 765.933
98 765.933
99 765.933
100 765.933
101 765.933
102 765.933
103 767
104 767
105 767
106 767
107 767
108 767
109 767
110 767
111 767
112 767
113 767
114 767
115 767
116 767
117 767
118 767
119 767
120 767
121 767
122 767
123 767
124 767
125 767
126 767
127 767
128 767
129 767
130 767
131 767
132 767
133 767
134 767
135 767
136 767
137 767
138 767
139 767
140 767
141 767
142 767
143 767
144 767
145 767
146 767
147 767
148 767
149 767
150 767
151 767
152 767
153 767
154 767
155 767
156 767
157 767
158 767
159 767
160 767
161 767
162 767
163 767
164 767
165 767
166 767
167 767
168 767
169 767
170 767
171 767
172 767
173 767
174 767
175 767
176 767
177 767
178 767
179 767
180 767
181 767
182 767
183 767
184 767
185 767
186 767
187 767
188 767
189 767
190 767
191 767
192 767
193 767
194 767
195 767
196 767
197 767
198 767
199 767
200 767
201 767
202 767
203 767
204 767
205 767
206 767
207 767
208 767
209 767
210 767
211 767
212 767
213 767
214 767
215 767
216 767
217 767
218 767
219 767
220 767
221 767
222 767
223 767
224 767
225 767
226 767
227 767
228 767
229 767
230 767
231 767
232 767
233 767
234 767
235 767
236 767
237 767
238 767
239 767
240 767
241 767
242 767
243 767
244 767
245 767
246 767
247 767
248 767
249 767
250 767
251 767
252 767
253 767
254 767
255 767
256 767
257 767
258 767
259 767
260 767
261 767
262 767
263 767
264 767
265 767
266 767
267 767
268 767
269 767
270 767
271 767
272 767
273 767
274 767
275 767
276 767
277 767
278 767
279 767
280 767
281 767
282 767
283 767
284 767
285 767
286 767
287 767
288 767
289 767
290 767
291 767
292 767
293 767
294 767
295 767
296 767
297 767
298 767
299 767
300 767
301 767
302 767
303 767
304 767
305 767
306 767
307 767
308 767
309 767
310 767
311 767
312 767
313 767
314 767
315 767
316 767
317 767
318 767
319 767
320 767
321 767
322 767
323 767
324 767
325 767
326 767
327 767
328 767
329 767
330 767
331 767
332 767
333 767
334 767
335 767
336 767
337 767
338 767
339 767
340 767
341 767
342 767
343 767
344 767
345 767
346 767
347 767
348 767
349 767
350 767
351 767
352 767
353 767
354 767
355 767
356 767
357 767
358 767
359 767
360 767
361 767
362 767
363 767
364 767
365 767
366 767
367 767
368 767
369 767
370 767
371 767
372 767
373 767
374 767
375 767
376 767
377 767
378 767
379 767
380 767
381 767
382 767
383 767
384 767
385 767
386 767
387 767
388 767
389 767
390 767
391 767
392 767
393 767
394 767
395 767
396 767
397 767
398 767
399 767
400 767
401 767
402 767
403 767
404 767
405 767
406 767
407 767
408 767
409 767
410 767
411 767
412 767
413 767
414 767
415 767
416 767
417 767
418 767
419 767
420 767
421 767
422 767
423 767
424 767
425 767
426 767
427 767
428 767
429 767
430 767
431 767
432 767
433 767
434 767
435 767
436 767
437 767
438 767
439 767
440 767
441 767
442 767
443 767
444 767
445 767
446 767
447 767
448 767
449 767
450 767
451 767
452 767
453 767
454 767
455 767
456 767
457 767
458 767
459 767
460 767
461 767
462 767
463 767
464 767
465 767
466 767
467 767
468 767
469 767
470 767
471 767
472 767
473 767
474 767
475 767
476 767
477 767
478 767
479 767
480 767
481 767
482 767
483 767
484 767
485 767
486 767
487 767
488 767
489 767
490 767
491 767
492 767
493 767
494 767
495 767
496 767
497 767
498 767
499 767
500 767
501 767
502 767
503 767
504 767
505 767
506 767
507 767
508 767
509 767
510 767
511 767
512 767
513 767
514 767
515 767
516 767
517 767
518 767
519 767
520 767
521 767
522 767
523 767
524 767
525 767
526 767
527 767
528 767
529 767
530 767
531 767
532 767
533 767
534 767
535 767
536 767
537 767
538 767
539 767
540 767
541 767
542 767
543 767
544 767
545 767
546 767
547 767
548 767
549 767
550 767
551 767
552 767
553 767
554 767
555 767
556 767
557 767
558 767
559 767
560 767
561 767
562 767
563 767
564 767
565 767
566 767
567 767
568 767
569 767
570 767
571 767
572 767
573 767
574 767
575 767
576 767
577 767
578 767
579 767
580 767
581 767
582 767
583 767
584 767
585 767
586 767
587 767
588 767
589 767
590 767
591 767
592 767
593 767
594 767
595 767
596 767
597 767
598 767
599 767
600 767
601 767
602 767
603 767
604 767
605 767
606 767
607 767
608 767
609 767
610 767
611 767
612 767
613 767
614 767
615 767
616 767
617 767
618 767
619 767
620 767
621 767
622 767
623 767
624 767
625 767
626 767
627 767
628 767
629 767
630 767
631 767
632 767
633 767
634 767
635 767
636 767
637 767
638 767
639 767
640 767
641 767
642 767
643 767
644 767
645 767
646 767
647 767
648 767
649 767
650 767
651 767
652 767
653 767
654 767
655 767
656 767
657 767
658 767
659 767
660 767
661 767
662 767
663 767
664 767
665 767
666 767
667 767
668 767
669 767
670 767
671 767
672 767
673 767
674 767
675 767
676 767
677 767
678 767
679 767
680 767
681 767
682 767
683 767
684 767
685 767
686 767
687 767
688 767
689 767
690 767
691 767
692 767
693 767
694 767
695 767
696 767
697 767
698 767
699 767
700 767
701 767
702 767
703 767
704 767
705 767
706 767
707 767
708 767
709 767
710 767
711 767
712 767
713 767
714 767
715 767
716 767
717 767
718 767
719 767
720 767
721 767
722 767
723 767
724 767
725 767
726 767
727 767
728 767
729 767
730 767
731 767
732 767
733 767
734 767
735 767
736 767
737 767
738 767
739 767
740 767
741 767
742 767
743 767
744 767
745 767
746 767
747 767
748 767
749 767
750 767
751 767
752 767
753 767
754 767
755 767
756 767
757 767
758 767
759 767
760 767
761 767
762 767
763 767
764 767
765 767
766 767
767 767
768 767
769 767
770 767
771 767
772 767
773 767
774 767
775 767
776 767
777 767
778 767
779 767
780 767
781 767
782 767
783 767
784 767
785 767
786 767
787 767
788 767
789 767
790 767
791 767
792 767
793 767
794 767
795 767
796 767
797 767
798 767
799 767
800 767
801 767
802 767
803 767
804 767
805 767
806 767
807 767
808 767
809 767
810 767
811 767
812 767
813 767
814 767
815 767
816 767
817 767
818 767
819 767
820 767
821 767
822 767
823 767
824 767
825 767
826 767
827 767
828 767
829 767
830 767
831 767
832 767
833 767
834 767
835 767
836 767
837 767
838 767
839 767
840 767
841 767
842 767
843 767
844 767
845 767
846 767
847 767
848 767
849 767
850 767
851 767
852 767
853 767
854 767
855 767
856 767
857 767
858 767
859 767
860 767
861 767
862 767
863 767
864 767
865 767
866 767
867 767
868 767
869 767
870 767
871 767
872 767
873 767
874 767
875 767
876 767
877 767
878 767
879 767
880 767
881 767
882 767
883 767
884 767
885 767
886 767
887 767
888 767
889 767
890 767
891 767
892 767
893 767
894 767
895 767
896 767
897 767
898 767
899 767
900 767
901 767
902 767
903 767
904 767
905 767
906 767
907 767
908 767
909 767
910 767
911 767
912 767
913 767
914 767
915 767
916 767
917 767
918 767
919 767
920 767
921 767
922 767
923 767
924 767
925 767
926 767
927 767
928 767
929 767
930 767
931 767
932 767
933 767
934 767
935 767
936 767
937 767
938 767
939 767
940 767
941 767
942 767
943 767
944 767
945 767
946 767
947 767
948 767
949 767
950 767
951 767
952 767
953 767
954 767
955 767
956 767
957 767
958 767
959 767
960 767
961 767
962 767
963 767
964 767
965 767
966 767
967 767
968 767
969 767
970 767
971 767
972 767
973 767
974 767
975 767
976 767
977 767
978 767
979 767
980 767
981 767
982 767
983 767
984 767
985 767
986 767
987 767
988 767
989 767
990 767
991 767
992 767
993 767
994 767
995 767
996 767
997 767
998 767
999 767
1000 767
1001 767
1002 767
1003 767
1004 767
1005 767
1006 767
1007 767
1008 767
1009 767
1010 767
1011 767
1012 767
1013 767
1014 767
1015 767
1016 767
1017 767
1018 767
1019 767
1020 767
1021 767
1022 767
1023 767
1024 767
1025 767
1026 767
1027 767
1028 767
1029 767
1030 767
1031 767
1032 767
1033 767
1034 767
1035 767
1036 767
1037 767
1038 767
1039 767
1040 767
1041 767
1042 767
1043 767
1044 767
1045 767
1046 767
1047 767
1048 767
1049 767
1050 767
1051 767
1052 767
1053 767
1054 767
1055 767
1056 767
1057 767
1058 767
1059 767
1060 767
1061 767
1062 767
1063 767
1064 767
1065 767
1066 767
1067 767
1068 767
1069 767
1070 767
1071 767
1072 767
1073 767
1074 767
1075 767
1076 767
1077 767
1078 767
1079 767
1080 767
1081 767
1082 767
1083 767
1084 767
1085 767
1086 767
1087 767
1088 767
1089 767
1090 767
1091 767
1092 767
1093 767
1094 767
1095 767
1096 767
1097 767
1098 767
1099 767
1100 767
1101 767
1102 767
1103 767
1104 767
1105 767
1106 767
1107 767
1108 767
1109 767
1110 767
1111 767
1112 767
1113 767
1114 767
1115 767
1116 767
1117 767
1118 767
1119 767
1120 767
1121 767
1122 767
1123 767
1124 767
1125 767
1126 767
1127 767
1128 767
1129 767
1130 767
1131 767
1132 767
1133 767
1134 767
1135 767
1136 767
1137 767
1138 767
1139 767
1140 767
1141 767
1142 767
1143 767
1144 767
1145 767
1146 767
1147 767
1148 767
1149 767
1150 767
1151 767
1152 767
1153 767
1154 767
1155 767
1156 767
1157 767
1158 767
1159 767
1160 767
1161 767
1162 767
1163 767
1164 767
1165 767
1166 767
1167 767
1168 767
1169 767
1170 767
1171 767
1172 767
1173 767
1174 767
1175 767
1176 767
1177 767
1178 767
1179 767
1180 767
1181 767
1182 767
1183 767
1184 767
1185 767
1186 767
1187 767
1188 767
1189 767
1190 767
1191 767
1192 767
1193 767
1194 767
1195 767
1196 767
1197 767
1198 767
1199 767
1200 767
1201 767
1202 767
1203 767
1204 767
1205 767
1206 767
1207 767
1208 767
1209 767
1210 767
1211 767
1212 767
1213 767
1214 767
1215 767
1216 767
1217 767
1218 767
1219 767
1220 767
1221 767
1222 767
1223 767
1224 767
1225 767
1226 767
1227 767
1228 767
1229 767
1230 767
1231 767
1232 767
1233 767
1234 767
1235 767
1236 767
1237 767
1238 767
1239 767
1240 767
1241 767
1242 767
1243 767
1244 767
1245 767
1246 767
1247 767
1248 767
1249 767
1250 767
1251 767
1252 767
1253 767
1254 767
1255 767
1256 767
1257 767
1258 767
1259 767
1260 767
1261 767
1262 767
1263 767
1264 767
1265 767
1266 767
1267 767
1268 767
1269 767
1270 767
1271 767
1272 767
1273 767
1274 767
1275 767
1276 767
1277 767
1278 767
1279 767
1280 767
1281 767
1282 767
1283 767
1284 767
1285 767
1286 767
1287 767
1288 767
1289 767
1290 767
1291 767
1292 767
1293 767
1294 767
1295 767
1296 767
1297 767
1298 767
1299 767
1300 767
1301 767
1302 767
1303 767
1304 767
1305 767
1306 767
1307 767
1308 767
1309 767
1310 767
1311 767
1312 767
1313 767
1314 767
1315 767
1316 767
1317 767
1318 767
1319 767
1320 767
1321 767
1322 767
1323 767
1324 767
1325 767
1326 767
1327 767
1328 767
1329 767
1330 767
1331 767
1332 767
1333 767
1334 767
1335 767
1336 767
1337 767
1338 767
1339 767
1340 767
1341 767
1342 767
1343 767
1344 767
1345 767
1346 767
1347 767
1348 767
1349 767
1350 767
1351 767
1352 767
1353 767
1354 767
1355 767
1356 767
1357 767
1358 767
1359 767
1360 767
1361 767
1362 767
1363 767
1364 767
1365 767
1366 767
1367 767
1368 767
1369 767
1370 767
1371 767
1372 767
1373 767
1374 767
1375 767
1376 767
1377 767
1378 767
1379 767
1380 767
1381 767
1382 767
1383 767
1384 767
1385 767
1386 767
1387 767
1388 767
1389 767
1390 767
1391 767
1392 767
1393 767
1394 767
1395 767
1396 767
1397 767
1398 767
1399 767
1400 767
1401 767
1402 767
1403 767
1404 767
1405 767
1406 767
1407 767
1408 767
1409 767
1410 767
1411 767
1412 767
1413 767
1414 767
1415 767
1416 767
1417 767
1418 767
1419 767
1420 767
1421 767
1422 767
1423 767
1424 767
1425 767
1426 767
1427 767
1428 767
1429 767
1430 767
1431 767
1432 767
1433 767
1434 767
1435 767
1436 767
1437 767
1438 767
1439 767
1440 767
1441 767
1442 767
1443 767
1444 767
1445 767
1446 767
1447 767
1448 767
1449 767
1450 767
1451 767
1452 767
1453 767
1454 767
1455 767
1456 767
1457 767
1458 767
1459 767
1460 767
1461 767
1462 767
1463 767
1464 767
1465 767
1466 767
1467 767
1468 767
1469 767
1470 767
1471 767
1472 767
1473 767
1474 767
1475 767
1476 767
1477 767
1478 767
1479 767
1480 767
1481 767
1482 767
1483 767
1484 767
1485 767
1486 767
1487 767
1488 767
1489 767
1490 767
1491 767
1492 767
1493 767
1494 767
1495 767
1496 767
1497 767
1498 767
1499 767
1500 767
1501 767
1502 767
1503 767
1504 767
1505 767
1506 767
1507 767
1508 767
1509 767
1510 767
1511 767
1512 767
1513 767
1514 767
1515 767
1516 767
1517 767
1518 767
1519 767
1520 767
1521 767
1522 767
1523 767
1524 767
1525 767
1526 767
1527 767
1528 767
1529 767
1530 767
1531 767
1532 767
1533 767
1534 767
1535 767
1536 767
1537 767
1538 767
1539 767
1540 767
1541 767
1542 767
1543 767
1544 767
1545 767
1546 767
1547 767
1548 767
1549 767
1550 767
1551 767
1552 767
1553 767
1554 767
1555 767
1556 767
1557 767
1558 767
1559 767
1560 767
1561 767
1562 767
1563 767
1564 767
1565 767
1566 767
1567 767
1568 767
1569 767
1570 767
1571 767
1572 767
1573 767
1574 767
1575 767
1576 767
1577 767
1578 767
1579 767
1580 767
1581 767
1582 767
1583 767
1584 767
1585 767
1586 767
1587 767
1588 767
1589 767
1590 767
1591 767
1592 767
1593 767
1594 767
1595 767
1596 767
1597 767
1598 767
1599 767
1600 767
1601 767
1602 767
1603 767
1604 767
1605 767
1606 767
1607 767
1608 767
1609 767
1610 767
1611 767
1612 767
1613 767
1614 767
1615 767
1616 767
1617 767
1618 767
1619 767
1620 767
1621 767
1622 767
1623 767
1624 767
1625 767
1626 767
1627 767
1628 767
1629 767
1630 767
1631 767
1632 767
1633 767
1634 767
1635 767
1636 767
1637 767
1638 767
1639 767
1640 767
1641 767
1642 767
1643 767
1644 767
1645 767
1646 767
1647 767
1648 767
1649 767
1650 767
1651 767
1652 767
1653 767
1654 767
1655 767
1656 767
1657 767
1658 767
1659 767
1660 767
1661 767
1662 767
1663 767
1664 767
1665 767
1666 767
1667 767
1668 767
1669 767
1670 767
1671 767
1672 767
1673 767
1674 767
1675 767
1676 767
1677 767
1678 767
1679 767
1680 767
1681 767
1682 767
1683 767
1684 767
1685 767
1686 767
1687 767
1688 767
1689 767
1690 767
1691 767
1692 767
1693 767
1694 767
1695 767
1696 767
1697 767
1698 767
1699 767
1700 767
1701 767
1702 767
1703 767
1704 767
1705 767
1706 767
1707 767
1708 767
1709 767
1710 767
1711 767
1712 767
1713 767
1714 767
1715 767
1716 767
1717 767
1718 767
1719 767
1720 767
1721 767
1722 767
1723 767
1724 767
1725 767
1726 767
1727 767
1728 767
1729 767
1730 767
1731 767
1732 767
1733 767
1734 767
1735 767
1736 767
1737 767
1738 767
1739 767
1740 767
1741 767
1742 767
1743 767
1744 767
1745 767
1746 767
1747 767
1748 767
1749 767
1750 767
1751 767
1752 767
1753 767
1754 767
1755 767
1756 767
1757 767
1758 767
1759 767
1760 767
1761 767
1762 767
1763 767
1764 767
1765 767
1766 767
1767 767
1768 767
1769 767
1770 767
1771 767
1772 767
1773 767
1774 767
1775 767
1776 767
1777 767
1778 767
1779 767
1780 767
1781 767
1782 767
1783 767
1784 767
1785 767
1786 767
1787 767
1788 767
1789 767
1790 767
1791 767
1792 767
1793 767
1794 767
1795 767
1796 767
1797 767
1798 767
1799 767
1800 767
1801 767
1802 767
1803 767
1804 767
1805 767
1806 767
1807 767
1808 767
1809 767
1810 767
1811 767
1812 767
1813 767
1814 767
1815 767
1816 767
1817 767
1818 767
1819 767
1820 767
1821 767
1822 767
1823 767
1824 767
1825 767
1826 767
1827 767
1828 767
1829 767
1830 767
1831 767
1832 767
1833 767
1834 767
1835 767
1836 767
1837 767
1838 767
1839 767
1840 767
1841 767
1842 767
1843 767
1844 767
1845 767
1846 767
1847 767
1848 767
1849 767
1850 767
1851 767
1852 767
1853 767
1854 767
1855 767
1856 767
1857 767
1858 767
1859 767
1860 767
1861 767
1862 767
1863 767
1864 767
1865 767
1866 767
1867 767
1868 767
1869 767
1870 767
1871 767
1872 767
1873 767
1874 767
1875 767
1876 767
1877 767
1878 767
1879 767
1880 767
1881 767
1882 767
1883 767
1884 767
1885 767
1886 767
1887 767
1888 767
1889 767
1890 767
1891 767
1892 767
1893 767
1894 767
1895 767
1896 767
1897 767
1898 767
1899 767
1900 767
1901 767
1902 767
1903 767
1904 767
1905 767
1906 767
1907 767
1908 767
1909 767
1910 767
1911 767
1912 767
1913 767
1914 767
1915 767
1916 767
1917 767
1918 767
1919 767
1920 767
1921 767
1922 767
1923 767
1924 767
1925 767
1926 767
1927 767
1928 767
1929 767
1930 767
1931 767
1932 767
1933 767
1934 767
1935 767
1936 767
1937 767
1938 767
1939 767
1940 767
1941 767
1942 767
1943 767
1944 767
1945 767
1946 767
1947 767
1948 767
1949 767
1950 767
1951 767
1952 767
1953 767
1954 767
1955 767
1956 767
1957 767
1958 767
1959 767
1960 767
1961 767
1962 767
1963 767
1964 767
1965 767
1966 767
1967 767
1968 767
1969 767
1970 767
1971 767
1972 767
1973 767
1974 767
1975 767
1976 767
1977 767
1978 767
1979 767
1980 767
1981 767
1982 767
1983 767
1984 767
1985 767
1986 767
1987 767
1988 767
1989 767
1990 767
1991 767
1992 767
1993 767
1994 767
1995 767
1996 767
1997 767
1998 767
1999 767
2000 767
2001 767
2002 767
2003 767
2004 767
2005 767
2006 767
2007 767
2008 767
2009 767
2010 767
2011 767
2012 767
2013 767
2014 767
2015 767
2016 767
2017 767
2018 767
2019 767
2020 767
2021 767
2022 767
2023 767
2024 767
2025 767
2026 767
2027 767
2028 767
2029 767
2030 767
2031 767
2032 767
2033 767
2034 767
2035 767
2036 767
2037 767
2038 767
2039 767
2040 767
2041 767
2042 767
2043 767
2044 767
2045 767
2046 767
2047 767
2048 767
2049 767
2050 767
2051 767
2052 767
2053 767
2054 767
2055 767
2056 767
2057 767
2058 767
2059 767
2060 767
2061 767
2062 767
2063 767
2064 767
2065 767
2066 767
2067 767
2068 767
2069 767
2070 767
2071 767
2072 767
2073 767
2074 767
2075 767
2076 767
2077 767
2078 767
2079 767
2080 767
2081 767
2082 767
2083 767
2084 767
2085 767
2086 767
2087 767
2088 767
2089 767
2090 767
2091 767
2092 767
2093 767
2094 767
2095 767
2096 767
2097 767
2098 767
2099 767
2100 767
2101 767
2102 767
2103 767
2104 767
2105 767
2106 767
2107 767
2108 767
2109 767
2110 767
2111 767
2112 767
2113 767
2114 767
2115 767
2116 767
2117 767
2118 767
2119 767
2120 767
2121 767
2122 767
2123 767
2124 767
2125 767
2126 767
2127 767
2128 767
2129 767
2130 767
2131 767
2132 767
2133 767
2134 767
2135 767
2136 767
2137 767
2138 767
2139 767
2140 767
2141 767
2142 767
2143 767
2144 767
2145 767
2146 767
2147 767
2148 767
2149 767
2150 767
2151 767
2152 767
2153 767
2154 767
2155 767
2156 767
2157 767
2158 767
2159 767
2160 767
2161 767
2162 767
2163 767
2164 767
2165 767
2166 767
2167 767
2168 767
2169 767
2170 767
2171 767
2172 767
2173 767
2174 767
2175 767
2176 767
2177 767
2178 767
2179 767
2180 767
2181 767
2182 767
2183 767
2184 767
2185 767
2186 767
2187 767
2188 767
2189 767
2190 767
2191 767
2192 767
2193 767
2194 767
2195 767
2196 767
2197 767
2198 767
2199 767
2200 767
2201 767
2202 767
2203 767
2204 767
2205 767
2206 767
2207 767
2208 767
2209 767
2210 767
2211 767
2212 767
2213 767
2214 767
2215 767
2216 767
2217 767
2218 767
2219 767
2220 767
2221 767
2222 767
2223 767
2224 767
2225 767
2226 767
2227 767
2228 767
2229 767
2230 767
2231 767
2232 767
2233 767
2234 767
2235 767
2236 767
2237 767
2238 767
2239 767
2240 767
2241 767
2242 767
2243 767
2244 767
2245 767
2246 767
2247 767
2248 767
2249 767
2250 767
2251 767
2252 767
2253 767
2254 767
2255 767
2256 767
2257 767
2258 767
2259 767
2260 767
2261 767
2262 767
2263 767
2264 767
2265 767
2266 767
2267 767
2268 767
2269 767
2270 767
2271 767
2272 767
2273 767
2274 767
2275 767
2276 767
2277 767
2278 767
2279 767
2280 767
2281 767
2282 767
2283 767
2284 767
2285 767
2286 767
2287 767
2288 767
2289 767
2290 767
2291 767
2292 767
2293 767
2294 767
2295 767
2296 767
2297 767
2298 767
2299 767
2300 767
2301 767
2302 767
2303 767
2304 767
2305 767
2306 767
2307 767
2308 767
2309 767
2310 767
2311 767
2312 767
2313 767
2314 767
2315 767
2316 767
2317 767
2318 767
2319 767
2320 767
2321 767
2322 767
2323 767
2324 767
2325 767
2326 767
2327 767
2328 767
2329 767
2330 767
2331 767
2332 767
2333 767
2334 767
2335 767
2336 767
2337 767
2338 767
2339 767
2340 767
2341 767
2342 767
2343 767
2344 767
2345 767
2346 767
2347 767
2348 767
2349 767
2350 767
2351 767
2352 767
2353 767
2354 767
2355 767
2356 767
2357 767
2358 767
2359 767
2360 767
2361 767
2362 767
2363 767
2364 767
2365 767
2366 767
2367 767
2368 767
2369 767
2370 767
2371 767
2372 767
2373 767
2374 767
2375 767
2376 767
2377 767
2378 767
2379 767
2380 767
2381 767
2382 767
2383 767
2384 767
2385 767
2386 767
2387 767
2388 767
2389 767
2390 767
2391 767
2392 767
2393 767
2394 767
2395 767
2396 767
2397 767
2398 767
2399 767
2400 767
2401 767
2402 767
2403 767
2404 767
2405 767
2406 767
2407 767
2408 767
2409 767
2410 767
2411 767
2412 767
2413 767
2414 767
2415 767
2416 767
2417 767
2418 767
2419 767
2420 767
2421 767
2422 767
2423 767
2424 767
2425 767
2426 767
2427 767
2428 767
2429 767
2430 767
2431 767
2432 767
2433 767
2434 767
2435 767
2436 767
2437 767
2438 767
2439 767
2440 767
2441 767
2442 767
2443 767
2444 767
2445 767
2446 767
2447 767
2448 767
2449 767
2450 767
2451 767
2452 767
2453 767
2454 767
2455 767
2456 767
2457 767
2458 767
2459 767
2460 767
2461 767
2462 767
2463 767
2464 767
2465 767
2466 767
2467 767
2468 767
2469 767
2470 767
2471 767
2472 767
2473 767
2474 767
2475 767
2476 767
2477 767
2478 767
2479 767
2480 767
2481 767
2482 767
2483 767
2484 767
2485 767
2486 767
2487 767
2488 767
2489 767
2490 767
2491 767
2492 767
2493 767
2494 767
2495 767
2496 767
2497 767
2498 767
2499 767
2500 767
2501 767
2502 767
2503 767
2504 767
2505 767
2506 767
2507 767
2508 767
2509 767
2510 767
2511 767
2512 767
2513 767
2514 767
2515 767
2516 767
2517 767
2518 767
2519 767
2520 767
2521 767
2522 767
2523 767
2524 767
2525 767
2526 767
2527 767
2528 767
2529 767
2530 767
2531 767
2532 767
2533 767
2534 767
2535 767
2536 767
2537 767
2538 767
2539 767
2540 767
2541 767
2542 767
2543 767
2544 767
2545 767
2546 767
2547 767
2548 767
2549 767
2550 767
2551 767
2552 767
2553 767
2554 767
2555 767
2556 767
2557 767
2558 767
2559 767
2560 767
2561 767
2562 767
2563 767
2564 767
2565 767
2566 767
2567 767
2568 767
2569 767
2570 767
2571 767
2572 767
2573 767
2574 767
2575 767
2576 767
2577 767
2578 767
2579 767
2580 767
2581 767
2582 767
2583 767
2584 767
2585 767
2586 767
2587 767
2588 767
2589 767
2590 767
2591 767
2592 767
2593 767
2594 767
2595 767
2596 767
2597 767
2598 767
2599 767
2600 767
2601 767
2602 767
2603 767
2604 767
2605 767
2606 767
2607 767
2608 767
2609 767
2610 767
2611 767
2612 767
2613 767
2614 767
2615 767
2616 767
2617 767
2618 767
2619 767
2620 767
2621 767
2622 767
2623 767
2624 767
2625 767
2626 767
2627 767
2628 767
2629 767
2630 767
2631 767
2632 767
2633 767
2634 767
2635 767
2636 767
2637 767
2638 767
2639 767
2640 767
2641 767
2642 767
2643 767
2644 767
2645 767
2646 767
2647 767
2648 767
2649 767
2650 767
2651 767
2652 767
2653 767
2654 767
2655 767
2656 767
2657 767
2658 767
2659 767
2660 767
2661 767
2662 767
2663 767
2664 767
2665 767
2666 767
2667 767
2668 767
2669 767
2670 767
2671 767
2672 767
2673 767
2674 767
2675 767
2676 767
2677 767
2678 767
2679 767
2680 767
2681 767
2682 767
2683 767
2684 767
2685 767
2686 767
2687 767
2688 767
2689 767
2690 767
2691 767
2692 767
2693 767
2694 767
2695 767
2696 767
2697 767
2698 767
2699 767
2700 767
2701 767
2702 767
2703 767
2704 767
2705 767
2706 767
2707 767
2708 767
2709 767
2710 767
2711 767
2712 767
2713 767
2714 767
2715 767
2716 767
2717 767
2718 767
2719 767
2720 767
2721 767
2722 767
2723 767
2724 767
2725 767
2726 767
2727 767
2728 767
2729 767
2730 767
2731 767
2732 767
2733 767
2734 767
2735 767
2736 767
2737 767
2738 767
2739 767
2740 767
2741 767
2742 767
2743 767
2744 767
2745 767
2746 767
2747 767
2748 767
2749 767
2750 767
2751 767
2752 767
2753 767
2754 767
2755 767
2756 767
2757 767
2758 767
2759 767
2760 767
2761 767
2762 767
2763 767
2764 767
2765 767
2766 767
2767 767
2768 767
2769 767
2770 767
2771 767
2772 767
2773 767
2774 767
2775 767
2776 767
2777 767
2778 767
2779 767
2780 767
2781 767
2782 767
2783 767
2784 767
2785 767
2786 767
2787 767
2788 767
2789 767
2790 767
2791 767
2792 767
2793 767
2794 767
2795 767
2796 767
2797 767
2798 767
2799 767
2800 767
2801 767
2802 767
2803 767
2804 767
2805 767
2806 767
2807 767
2808 767
2809 767
2810 767
2811 767
2812 767
2813 767
2814 767
2815 767
2816 767
2817 767
2818 767
2819 767
2820 767
2821 767
2822 767
2823 767
2824 767
2825 767
2826 767
2827 767
2828 767
2829 767
2830 767
2831 767
2832 767
2833 767
2834 767
2835 767
2836 767
2837 767
2838 767
2839 767
2840 767
2841 767
2842 767
2843 767
2844 767
2845 767
2846 767
2847 767
2848 767
2849 767
2850 767
2851 767
2852 767
2853 767
2854 767
2855 767
2856 767
2857 767
2858 767
2859 767
2860 767
2861 767
2862 767
2863 767
2864 767
2865 767
2866 767
2867 767
2868 767
2869 767
2870 767
2871 767
2872 767
2873 767
2874 767
2875 767
2876 767
2877 767
2878 767
2879 767
2880 767
2881 767
2882 767
2883 767
2884 767
2885 767
2886 767
2887 767
2888 767
2889 767
2890 767
2891 767
2892 767
2893 767
2894 767
2895 767
2896 767
2897 767
2898 767
2899 767
2900 767
2901 767
2902 767
2903 767
2904 767
2905 767
2906 767
2907 767
2908 767
2909 767
2910 767
2911 767
2912 767
2913 767
2914 767
2915 767
2916 767
2917 767
2918 767
2919 767
2920 767
2921 767
2922 767
2923 767
2924 767
2925 767
2926 767
2927 767
2928 767
2929 767
2930 767
2931 767
2932 767
2933 767
2934 767
2935 767
2936 767
2937 767
2938 767
2939 767
2940 767
2941 767
2942 767
2943 767
2944 767
2945 767
2946 767
2947 767
2948 767
2949 767
2950 767
2951 767
2952 767
2953 767
2954 767
2955 767
2956 767
2957 767
2958 767
2959 767
2960 767
2961 767
2962 767
2963 767
2964 767
2965 767
2966 767
2967 767
2968 767
2969 767
2970 767
2971 767
2972 767
2973 767
2974 767
2975 767
2976 767
2977 767
2978 767
2979 767
2980 767
2981 767
2982 767
2983 767
2984 767
2985 767
2986 767
2987 767
2988 767
2989 767
2990 767
2991 767
2992 767
2993 767
2994 767
2995 767
2996 767
2997 767
2998 767
2999 767
3000 767
3001 767
3002 767
3003 767
3004 767
3005 767
3006 767
3007 767
3008 767
3009 767
3010 767
3011 767
3012 767
3013 767
3014 767
3015 767
3016 767
3017 767
3018 767
3019 767
3020 767
3021 767
3022 767
3023 767
3024 767
3025 767
3026 767
3027 767
3028 767
3029 767
3030 767
3031 767
3032 767
3033 767
3034 767
3035 767
3036 767
3037 767
3038 767
3039 767
3040 767
3041 767
3042 767
3043 767
3044 767
3045 767
3046 767
3047 767
3048 767
3049 767
3050 767
3051 767
3052 767
3053 767
3054 767
3055 767
3056 767
3057 767
3058 767
3059 767
3060 767
3061 767
3062 767
3063 767
3064 767
3065 767
3066 767
3067 767
3068 767
3069 767
3070 767
3071 767
3072 767
3073 767
3074 767
3075 767
3076 767
3077 767
3078 767
3079 767
3080 767
3081 767
3082 767
3083 767
3084 767
3085 767
3086 767
3087 767
3088 767
3089 767
3090 767
3091 767
3092 767
3093 767
3094 767
3095 767
3096 767
3097 767
3098 767
3099 767
3100 767
3101 767
3102 767
3103 767
3104 767
3105 767
3106 767
3107 767
3108 767
3109 767
3110 767
3111 767
3112 767
3113 767
3114 767
3115 767
3116 767
3117 767
3118 767
3119 767
3120 767
3121 767
3122 767
3123 767
3124 767
3125 767
3126 767
3127 767
3128 767
3129 767
3130 767
3131 767
3132 767
3133 767
3134 767
3135 767
3136 767
3137 767
3138 767
3139 767
3140 767
3141 767
3142 767
3143 767
3144 767
3145 767
3146 767
3147 767
3148 767
3149 767
3150 767
3151 767
3152 767
3153 767
3154 767
3155 767
3156 767
3157 767
3158 767
3159 767
3160 767
3161 767
3162 767
3163 767
3164 767
3165 767
3166 767
3167 767
3168 767
3169 767
3170 767
3171 767
3172 767
3173 767
3174 767
3175 767
3176 767
3177 767
3178 767
3179 767
3180 767
3181 767
3182 767
3183 767
3184 767
3185 767
3186 767
3187 767
3188 767
3189 767
3190 767
3191 767
3192 767
3193 767
3194 767
3195 767
3196 767
3197 767
3198 767
3199 767
3200 767
3201 767
3202 767
3203 767
3204 767
3205 767
3206 767
3207 767
3208 767
3209 767
3210 767
3211 767
3212 767
3213 767
3214 767
3215 767
3216 767
3217 767
3218 767
3219 767
3220 767
3221 767
3222 767
3223 767
3224 767
3225 767
3226 767
3227 767
3228 767
3229 767
3230 767
3231 767
3232 767
3233 767
3234 767
3235 767
3236 767
3237 767
3238 767
3239 767
3240 767
3241 767
3242 767
3243 767
3244 767
3245 767
3246 767
3247 767
3248 767
3249 767
3250 767
3251 767
3252 767
3253 767
3254 767
3255 767
3256 767
3257 767
3258 767
3259 767
3260 767
3261 767
3262 767
3263 767
3264 767
3265 767
3266 767
3267 767
3268 767
3269 767
3270 767
3271 767
3272 767
3273 767
3274 767
3275 767
3276 767
3277 767
3278 767
3279 767
3280 767
3281 767
3282 767
3283 767
3284 767
3285 767
3286 767
3287 767
3288 767
3289 767
3290 767
3291 767
3292 767
3293 767
3294 767
3295 767
3296 767
3297 767
3298 767
3299 767
3300 767
3301 767
3302 767
3303 767
3304 767
3305 767
3306 767
3307 767
3308 767
3309 767
3310 767
3311 767
3312 767
3313 767
3314 767
3315 767
3316 767
3317 767
3318 767
3319 767
3320 767
3321 767
3322 767
3323 767
3324 767
3325 767
3326 767
3327 767
3328 767
3329 767
3330 767
3331 767
3332 767
3333 767
3334 767
3335 767
3336 767
3337 767
3338 767
3339 767
3340 767
3341 767
3342 767
3343 767
3344 767
3345 767
3346 767
3347 767
3348 767
3349 767
3350 767
3351 767
3352 767
3353 767
3354 767
3355 767
3356 767
3357 767
3358 767
3359 767
3360 767
3361 767
3362 767
3363 767
3364 767
3365 767
3366 767
3367 767
3368 767
3369 767
3370 767
3371 767
3372 767
3373 767
3374 767
3375 767
3376 767
3377 767
3378 767
3379 767
3380 767
3381 767
3382 767
3383 767
3384 767
3385 767
3386 767
3387 767
3388 767
3389 767
3390 767
3391 767
3392 767
3393 767
3394 767
3395 767
3396 767
3397 767
3398 767
3399 767
3400 767
3401 767
3402 767
3403 767
3404 767
3405 767
3406 767
3407 767
3408 767
3409 767
3410 767
3411 767
3412 767
3413 767
3414 767
3415 767
3416 767
3417 767
3418 767
3419 767
3420 767
3421 767
3422 767
3423 767
3424 767
3425 767
3426 767
3427 767
3428 767
3429 767
3430 767
3431 767
3432 767
3433 767
3434 767
3435 767
3436 767
3437 767
3438 767
3439 767
3440 767
3441 767
3442 767
3443 767
3444 767
3445 767
3446 767
3447 767
3448 767
3449 767
3450 767
3451 767
3452 767
3453 767
3454 767
3455 767
3456 767
3457 767
3458 767
3459 767
3460 767
3461 767
3462 767
3463 767
3464 767
3465 767
3466 767
3467 767
3468 767
3469 767
3470 767
3471 767
3472 767
3473 767
3474 767
3475 767
3476 767
3477 767
3478 767
3479 767
3480 767
3481 767
3482 767
3483 767
3484 767
3485 767
3486 767
3487 767
3488 767
3489 767
3490 767
3491 767
3492 767
3493 767
3494 767
3495 767
3496 767
3497 767
3498 767
3499 767
3500 767
3501 767
3502 767
3503 767
3504 767
3505 767
3506 767
3507 767
3508 767
3509 767
3510 767
3511 767
3512 767
3513 767
3514 767
3515 767
3516 767
3517 767
3518 767
3519 767
3520 767
3521 767
3522 767
3523 767
3524 767
3525 767
3526 767
3527 767
3528 767
3529 767
3530 767
3531 767
3532 767
3533 767
3534 767
3535 767
3536 767
3537 767
3538 767
3539 767
3540 767
3541 767
3542 767
3543 767
3544 767
3545 767
3546 767
3547 767
3548 767
3549 767
3550 767
3551 767
3552 767
3553 767
3554 767
3555 767
3556 767
3557 767
3558 767
3559 767
3560 767
3561 767
3562 767
3563 767
3564 767
3565 767
3566 767
3567 767
3568 767
3569 767
3570 767
3571 767
3572 767
3573 767
3574 767
3575 767
3576 767
3577 767
3578 767
3579 767
3580 767
3581 767
3582 767
3583 767
3584 767
3585 767
3586 767
3587 767
3588 767
3589 767
3590 767
3591 767
3592 767
3593 767
3594 767
3595 767
3596 767
3597 767
3598 767
3599 767
3600 767
3601 767
3602 767
3603 767
3604 767
3605 767
3606 767
3607 767
3608 767
3609 767
3610 767
3611 767
3612 767
3613 767
3614 767
3615 767
3616 767
3617 767
3618 767
3619 767
3620 767
3621 767
3622 767
3623 767
3624 767
3625 767
3626 767
3627 767
3628 767
3629 767
3630 767
3631 767
3632 767
3633 767
3634 767
3635 767
3636 767
3637 767
3638 767
3639 767
3640 767
3641 767
3642 767
3643 767
3644 767
3645 767
3646 767
3647 767
3648 767
3649 767
3650 767
3651 767
3652 767
3653 767
3654 767
3655 767
3656 767
3657 767
3658 767
3659 767
3660 767
3661 767
3662 767
3663 767
3664 767
3665 767
3666 767
3667 767
3668 767
3669 767
3670 767
3671 767
3672 767
3673 767
3674 767
3675 767
3676 767
3677 767
3678 767
3679 767
3680 767
3681 767
3682 767
3683 767
3684 767
3685 767
3686 767
3687 767
3688 767
3689 767
3690 767
3691 767
3692 767
3693 767
3694 767
3695 767
3696 767
3697 767
3698 767
3699 767
3700 767
3701 767
3702 767
3703 767
3704 767
3705 767
3706 767
3707 767
3708 767
3709 767
3710 767
3711 767
3712 767
3713 767
3714 767
3715 767
3716 767
3717 767
3718 767
3719 767
3720 767
3721 767
3722 767
3723 767
3724 767
3725 767
3726 767
3727 767
3728 767
3729 767
3730 767
3731 767
3732 767
3733 767
3734 767
3735 767
3736 767
3737 767
3738 767
3739 767
3740 767
3741 767
3742 767
3743 767
3744 767
3745 767
3746 767
3747 767
3748 767
3749 767
3750 767
3751 767
3752 767
3753 767
3754 767
3755 767
3756 767
3757 767
3758 767
3759 767
3760 767
3761 767
3762 767
3763 767
3764 767
3765 767
3766 767
3767 767
3768 767
3769 767
3770 767
3771 767
3772 767
3773 767
3774 767
3775 767
3776 767
3777 767
3778 767
3779 767
3780 767
3781 767
3782 767
3783 767
3784 767
3785 767
3786 767
3787 767
3788 767
3789 767
3790 767
3791 767
3792 767
3793 767
3794 767
3795 767
3796 767
3797 767
3798 767
3799 767
3800 767
3801 767
3802 767
3803 767
3804 767
3805 767
3806 767
3807 767
3808 767
3809 767
3810 767
3811 767
3812 767
3813 767
3814 767
3815 767
3816 767
3817 767
3818 767
3819 767
3820 767
3821 767
3822 767
3823 767
3824 767
3825 767
3826 767
3827 767
3828 767
3829 767
3830 767
3831 767
3832 767
3833 767
3834 767
3835 767
3836 767
3837 767
3838 767
3839 767
3840 767
3841 767
3842 767
3843 767
3844 767
3845 767
3846 767
3847 767
3848 767
3849 767
3850 767
3851 767
3852 767
3853 767
3854 767
3855 767
3856 767
3857 767
3858 767
3859 767
3860 767
3861 767
3862 767
3863 767
3864 767
3865 767
3866 767
3867 767
3868 767
3869 767
3870 767
3871 767
3872 767
3873 767
3874 767
3875 767
3876 767
3877 767
3878 767
3879 767
3880 767
3881 767
3882 767
3883 767
3884 767
3885 767
3886 767
3887 767
3888 767
3889 767
3890 767
3891 767
3892 767
3893 767
3894 767
3895 767
3896 767
3897 767
3898 767
3899 767
3900 767
3901 767
3902 767
3903 767
3904 767
3905 767
3906 767
3907 767
3908 767
3909 767
3910 767
3911 767
3912 767
3913 767
3914 767
3915 767
3916 767
3917 767
3918 767
3919 767
3920 767
3921 767
3922 767
3923 767
3924 767
3925 767
3926 767
3927 767
3928 767
3929 767
3930 767
3931 767
3932 767
3933 767
3934 767
3935 767
3936 767
3937 767
3938 767
3939 767
3940 767
3941 767
3942 767
3943 767
3944 767
3945 767
3946 767
3947 767
3948 767
3949 767
3950 767
3951 767
3952 767
3953 767
3954 767
3955 767
3956 767
3957 767
3958 767
3959 767
3960 767
3961 767
3962 767
3963 767
3964 767
3965 767
3966 767
3967 767
3968 767
3969 767
3970 767
3971 767
3972 767
3973 767
3974 767
3975 767
3976 767
3977 767
3978 767
3979 767
3980 767
3981 767
3982 767
3983 767
3984 767
3985 767
3986 767
3987 767
3988 767
3989 767
3990 767
3991 767
3992 767
3993 767
3994 767
3995 767
3996 767
3997 767
3998 767
3999 767
4000 767
4001 767
4002 767
4003 767
4004 767
4005 767
4006 767
4007 767
4008 767
4009 767
4010 767
4011 767
4012 767
4013 767
4014 767
4015 767
4016 767
4017 767
4018 767
4019 767
4020 767
4021 767
4022 767
4023 767
4024 767
4025 767
4026 767
4027 767
4028 767
4029 767
4030 767
4031 767
4032 767
4033 767
4034 767
4035 767
4036 767
4037 767
4038 767
4039 767
4040 767
4041 767
4042 767
4043 767
4044 767
4045 767
4046 767
4047 767
4048 767
4049 767
4050 767
4051 767
4052 767
4053 767
4054 767
4055 767
4056 767
4057 767
4058 767
4059 767
4060 767
4061 767
4062 767
4063 767
4064 767
4065 767
4066 767
4067 767
4068 767
4069 767
4070 767
4071 767
4072 767
4073 767
4074 767
4075 767
4076 767
4077 767
4078 767
4079 767
4080 767
4081 767
4082 767
4083 767
4084 767
4085 767
4086 767
4087 767
4088 767
4089 767
4090 767
4091 767
4092 767
4093 767
4094 767
4095 767
4096 767
4097 767
4098 767
4099 767
4100 767
4101 767
4102 767
4103 767
4104 767
4105 767
4106 767
4107 767
4108 767
4109 767
4110 767
4111 767
4112 767
4113 767
4114 767
4115 767
4116 767
4117 767
4118 767
4119 767
4120 767
4121 767
4122 767
4123 767
4124 767
4125 767
4126 767
4127 767
4128 767
4129 767
4130 767
4131 767
4132 767
4133 767
4134 767
4135 767
4136 767
4137 767
4138 767
4139 767
4140 767
4141 767
4142 767
4143 767
4144 767
4145 767
4146 767
4147 767
4148 767
4149 767
4150 767
4151 767
4152 767
4153 767
4154 767
4155 767
4156 767
4157 767
4158 767
4159 767
4160 767
4161 767
4162 767
4163 767
4164 767
4165 767
4166 767
4167 767
4168 767
4169 767
4170 767
4171 767
4172 767
4173 767
4174 767
4175 767
4176 767
4177 767
4178 767
4179 767
4180 767
4181 767
4182 767
4183 767
4184 767
4185 767
4186 767
4187 767
4188 767
4189 767
4190 767
4191 767
4192 767
4193 767
4194 767
4195 767
4196 767
4197 767
4198 767
4199 767
4200 767
4201 767
4202 767
4203 767
4204 767
4205 767
4206 767
4207 767
4208 767
4209 767
4210 767
4211 767
4212 767
4213 767
4214 767
4215 767
4216 767
4217 767
4218 767
4219 767
4220 767
4221 767
4222 767
4223 767
4224 767
4225 767
4226 767
4227 767
4228 767
4229 767
4230 767
4231 767
4232 767
4233 767
4234 767
4235 767
4236 767
4237 767
4238 767
4239 767
4240 767
4241 767
4242 767
4243 767
4244 767
4245 767
4246 767
4247 767
4248 767
4249 767
4250 767
4251 767
4252 767
4253 767
4254 767
4255 767
4256 767
4257 767
4258 767
4259 767
4260 767
4261 767
4262 767
4263 767
4264 767
4265 767
4266 767
4267 767
4268 767
4269 767
4270 767
4271 767
4272 767
4273 767
4274 767
4275 767
4276 767
4277 767
4278 767
4279 767
4280 767
4281 767
4282 767
4283 767
4284 767
4285 767
4286 767
4287 767
4288 767
4289 767
4290 767
4291 767
4292 767
4293 767
4294 767
4295 767
4296 767
4297 767
4298 767
4299 767
4300 767
4301 767
4302 767
4303 767
4304 767
4305 767
4306 767
4307 767
4308 767
4309 767
4310 767
4311 767
4312 767
4313 767
4314 767
4315 767
4316 767
4317 767
4318 767
4319 767
4320 767
4321 767
4322 767
4323 767
4324 767
4325 767
4326 767
4327 767
4328 767
4329 767
4330 767
4331 767
4332 767
4333 767
4334 767
4335 767
4336 767
4337 767
4338 767
4339 767
4340 767
4341 767
4342 767
4343 767
4344 767
4345 767
4346 767
4347 767
4348 767
4349 767
4350 767
4351 767
4352 767
4353 767
4354 767
4355 767
4356 767
4357 767
4358 767
4359 767
4360 767
4361 767
4362 767
4363 767
4364 767
4365 767
4366 767
4367 767
4368 767
4369 767
4370 767
4371 767
4372 767
4373 767
4374 767
4375 767
4376 767
4377 767
4378 767
4379 767
4380 767
4381 767
4382 767
4383 767
4384 767
4385 767
4386 767
4387 767
4388 767
4389 767
4390 767
4391 767
4392 767
4393 767
4394 767
4395 767
4396 767
4397 767
4398 767
4399 767
4400 767
4401 767
4402 767
4403 767
4404 767
4405 767
4406 767
4407 767
4408 767
4409 767
4410 767
4411 767
4412 767
4413 767
4414 767
4415 767
4416 767
4417 767
4418 767
4419 767
4420 767
4421 767
4422 767
4423 767
4424 767
4425 767
4426 767
4427 767
4428 767
4429 767
4430 767
4431 767
4432 767
4433 767
4434 767
4435 767
4436 767
4437 767
4438 767
4439 767
4440 767
4441 767
4442 767
4443 767
4444 767
4445 767
4446 767
4447 767
4448 767
4449 767
4450 767
4451 767
4452 767
4453 767
4454 767
4455 767
4456 767
4457 767
4458 767
4459 767
4460 767
4461 767
4462 767
4463 767
4464 767
4465 767
4466 767
4467 767
4468 767
4469 767
4470 767
4471 767
4472 767
4473 767
4474 767
4475 767
4476 767
4477 767
4478 767
4479 767
4480 767
4481 767
4482 767
4483 767
4484 767
4485 767
4486 767
4487 767
4488 767
4489 767
4490 767
4491 767
4492 767
4493 767
4494 767
4495 767
4496 767
4497 767
4498 767
4499 767
4500 767
4501 767
4502 767
4503 767
4504 767
4505 767
4506 767
4507 767
4508 767
4509 767
4510 767
4511 767
4512 767
4513 767
4514 767
4515 767
4516 767
4517 767
4518 767
4519 767
4520 767
4521 767
4522 767
4523 767
4524 767
4525 767
4526 767
4527 767
4528 767
4529 767
4530 767
4531 767
4532 767
4533 767
4534 767
4535 767
4536 767
4537 767
4538 767
4539 767
4540 767
4541 767
4542 767
4543 767
4544 767
4545 767
4546 767
4547 767
4548 767
4549 767
4550 767
4551 767
4552 767
4553 767
4554 767
4555 767
4556 767
4557 767
4558 767
4559 767
4560 767
4561 767
4562 767
4563 767
4564 767
4565 767
4566 767
4567 767
4568 767
4569 767
4570 767
4571 767
4572 767
4573 767
4574 767
4575 767
4576 767
4577 767
4578 767
4579 767
4580 767
4581 767
4582 767
4583 767
4584 767
4585 767
4586 767
4587 767
4588 767
4589 767
4590 767
4591 767
4592 767
4593 767
4594 767
4595 767
4596 767
4597 767
4598 767
4599 767
4600 767
4601 767
4602 767
4603 767
4604 767
4605 767
4606 767
4607 767
4608 767
4609 767
4610 767
4611 767
4612 767
4613 767
4614 767
4615 767
4616 767
4617 767
4618 767
4619 767
4620 767
4621 767
4622 767
4623 767
4624 767
4625 767
4626 767
4627 767
4628 767
4629 767
4630 767
4631 767
4632 767
4633 767
4634 767
4635 767
4636 767
4637 767
4638 767
4639 767
4640 767
4641 767
4642 767
4643 767
4644 767
4645 767
4646 767
4647 767
4648 767
4649 767
4650 767
4651 767
4652 767
4653 767
4654 767
4655 767
4656 767
4657 767
4658 767
4659 767
4660 767
4661 767
4662 767
4663 767
4664 767
4665 767
4666 767
4667 767
4668 767
4669 767
4670 767
4671 767
4672 767
4673 767
4674 767
4675 767
4676 767
4677 767
4678 767
4679 767
4680 767
4681 767
4682 767
4683 767
4684 767
4685 767
4686 767
4687 767
4688 767
4689 767
4690 767
4691 767
4692 767
4693 767
4694 767
4695 767
4696 767
4697 767
4698 767
4699 767
4700 767
4701 767
4702 767
4703 767
4704 767
4705 767
4706 767
4707 767
4708 767
4709 767
4710 767
4711 767
4712 767
4713 767
4714 767
4715 767
4716 767
4717 767
4718 767
4719 767
4720 767
4721 767
4722 767
4723 767
4724 767
4725 767
4726 767
4727 767
4728 767
4729 767
4730 767
4731 767
4732 767
4733 767
4734 767
4735 767
4736 767
4737 767
4738 767
4739 767
4740 767
4741 767
4742 767
4743 767
4744 767
4745 767
4746 767
4747 767
4748 767
4749 767
4750 767
4751 767
4752 767
4753 767
4754 767
4755 767
4756 767
4757 767
4758 767
4759 767
4760 767
4761 767
4762 767
4763 767
4764 767
4765 767
4766 767
4767 767
4768 767
4769 767
4770 767
4771 767
4772 767
4773 767
4774 767
4775 767
4776 767
4777 767
4778 767
4779 767
4780 767
4781 767
4782 767
4783 767
4784 767
4785 767
4786 767
4787 767
4788 767
4789 767
4790 767
4791 767
4792 767
4793 767
4794 767
4795 767
4796 767
4797 767
4798 767
4799 767
4800 767
4801 767
4802 767
4803 767
4804 767
4805 767
4806 767
4807 767
4808 767
4809 767
4810 767
4811 767
4812 767
4813 767
4814 767
4815 767
4816 767
4817 767
4818 767
4819 767
4820 767
4821 767
4822 767
4823 767
4824 767
4825 767
4826 767
4827 767
4828 767
4829 767
4830 767
4831 767
4832 767
4833 767
4834 767
4835 767
4836 767
4837 767
4838 767
4839 767
4840 767
4841 767
4842 767
4843 767
4844 767
4845 767
4846 767
4847 767
4848 767
4849 767
4850 767
4851 767
4852 767
4853 767
4854 767
4855 767
4856 767
4857 767
4858 767
4859 767
4860 767
4861 767
4862 767
4863 767
4864 767
4865 767
4866 767
4867 767
4868 767
4869 767
4870 767
4871 767
4872 767
4873 767
4874 767
4875 767
4876 767
4877 767
4878 767
4879 767
4880 767
4881 767
4882 767
4883 767
4884 767
4885 767
4886 767
4887 767
4888 767
4889 767
4890 767
4891 767
4892 767
4893 767
4894 767
4895 767
4896 767
4897 767
4898 767
4899 767
4900 767
4901 767
4902 767
4903 767
4904 767
4905 767
4906 767
4907 767
4908 767
4909 767
4910 767
4911 767
4912 767
4913 767
4914 767
4915 767
4916 767
4917 767
4918 767
4919 767
4920 767
4921 767
4922 767
4923 767
4924 767
4925 767
4926 767
4927 767
4928 767
4929 767
4930 767
4931 767
4932 767
4933 767
4934 767
4935 767
4936 767
4937 767
4938 767
4939 767
4940 767
4941 767
4942 767
4943 767
4944 767
4945 767
4946 767
4947 767
4948 767
4949 767
4950 767
4951 767
4952 767
4953 767
4954 767
4955 767
4956 767
4957 767
4958 767
4959 767
4960 767
4961 767
4962 767
4963 767
4964 767
4965 767
4966 767
4967 767
4968 767
4969 767
4970 767
4971 767
4972 767
4973 767
4974 767
4975 767
4976 767
4977 767
4978 767
4979 767
4980 767
4981 767
4982 767
4983 767
4984 767
4985 767
4986 767
4987 767
4988 767
4989 767
4990 767
4991 767
4992 767
4993 767
4994 767
4995 767
4996 767
4997 767
4998 767
4999 767
5000 767
