1 394.5
2 454.7
3 487.2
4 489.4
5 508.167
6 517.467
7 540.067
8 558.233
9 574.867
10 581.033
11 605.767
12 624.6
13 630.1
14 634.733
15 641.767
16 645.433
17 653.867
18 653.867
19 659.133
20 668.933
21 684.567
22 690.867
23 698.3
24 699.467
25 703.867
26 704.3
27 719.9
28 720.433
29 727.733
30 727.733
31 729.567
32 729.567
33 731.4
34 731.4
35 731.4
36 731.4
37 732.1
38 732.1
39 735.667
40 736.133
41 736.767
42 737.2
43 737.867
44 738.7
45 739.9
46 742.033
47 742.033
48 742.033
49 742.033
50 743.333
51 743.467
52 743.467
53 743.467
54 745.433
55 745.433
56 746.667
57 746.7
58 746.7
59 746.7
60 746.7
61 746.7
62 746.7
63 746.7
64 746.7
65 746.7
66 747
67 747
68 747.8
69 748
70 748
71 748
72 748
73 748
74 748.3
75 748.9
76 748.9
77 748.9
78 748.9
79 751.1
80 751.1
81 751.1
82 751.867
83 752.033
84 754.333
85 754.333
86 754.333
87 754.333
88 754.333
89 754.333
90 754.333
91 754.333
92 754.333
93 754.333
94 754.333
95 754.333
96 754.333
97 754.5
98 754.5
99 754.5
100 754.5
101 754.5
102 754.5
103 754.5
104 754.5
105 754.5
106 754.5
107 754.5
108 754.5
109 754.5
110 754.5
111 754.5
112 754.5
113 754.5
114 754.5
115 754.5
116 754.5
117 754.5
118 754.5
119 754.5
120 754.5
121 754.5
122 755.067
123 755.367
124 755.367
125 755.367
126 755.367
127 755.367
128 755.367
129 755.367
130 755.367
131 755.367
132 755.367
133 756.1
134 756.1
135 756.1
136 756.133
137 756.133
138 756.133
139 756.133
140 756.133
141 756.133
142 756.133
143 756.133
144 756.133
145 756.133
146 756.133
147 756.133
148 756.3
149 756.3
150 756.7
151 757.1
152 757.4
153 757.667
154 757.667
155 757.667
156 758
157 758.6
158 759.2
159 759.2
160 759.2
161 759.333
162 759.6
163 759.6
164 759.6
165 759.6
166 759.6
167 759.7
168 759.7
169 759.7
170 760.167
171 760.2
172 760.267
173 760.267
174 760.567
175 760.567
176 760.567
177 760.567
178 760.567
179 760.567
180 760.567
181 760.567
182 761.167
183 761.167
184 761.433
185 761.433
186 761.967
187 762.633
188 762.633
189 762.633
190 762.633
191 762.633
192 762.633
193 762.633
194 762.633
195 762.733
196 762.733
197 762.733
198 762.733
199 763
200 763.033
201 763.033
202 763.033
203 763.033
204 763.033
205 763.033
206 763.033
207 763.033
208 763.4
209 763.4
210 763.4
211 763.4
212 763.4
213 763.4
214 763.4
215 763.4
216 763.4
217 763.4
218 763.4
219 763.4
220 763.433
221 763.433
222 763.733
223 763.733
224 763.733
225 763.733
226 763.8
227 763.967
228 764
229 764
230 764
231 764
232 764.033
233 764.033
234 764.067
235 764.067
236 764.067
237 764.067
238 764.067
239 764.067
240 764.067
241 764.067
242 764.067
243 764.3
244 764.3
245 764.3
246 764.367
247 764.367
248 764.367
249 764.367
250 764.5
251 764.5
252 764.567
253 764.633
254 764.633
255 764.667
256 764.667
257 764.667
258 764.7
259 764.767
260 764.767
261 764.833
262 764.833
263 765.033
264 765.033
265 765.033
266 765.033
267 765.033
268 765.033
269 765.033
270 765.033
271 765.033
272 765.033
273 765.033
274 765.033
275 765.033
276 765.033
277 765.033
278 765.033
279 765.033
280 765.033
281 765.033
282 765.033
283 765.033
284 765.033
285 765.033
286 765.033
287 765.033
288 765.033
289 765.067
290 765.067
291 765.067
292 765.067
293 765.067
294 765.067
295 765.067
296 765.1
297 765.1
298 765.2
299 765.2
300 765.267
301 765.267
302 765.267
303 765.3
304 765.333
305 765.333
306 765.333
307 765.4
308 765.4
309 765.4
310 765.4
311 765.4
312 765.433
313 765.433
314 765.433
315 765.433
316 765.433
317 765.433
318 765.433
319 765.467
320 765.467
321 765.467
322 765.467
323 765.533
324 765.6
325 765.6
326 765.6
327 765.6
328 765.667
329 765.667
330 765.667
331 765.667
332 765.667
333 765.667
334 765.667
335 765.667
336 765.667
337 765.667
338 765.667
339 765.667
340 765.667
341 765.667
342 765.667
343 765.667
344 765.667
345 765.667
346 765.667
347 765.667
348 765.667
349 765.667
350 765.667
351 765.667
352 765.667
353 765.667
354 765.667
355 765.867
356 765.9
357 765.9
358 765.933
359 765.933
360 765.933
361 765.933
362 765.933
363 765.933
364 765.933
365 766
366 766.033
367 766.033
368 766.033
369 766.033
370 766.033
371 766.067
372 766.2
373 766.2
374 766.2
375 766.2
376 766.2
377 766.2
378 766.2
379 766.2
380 766.2
381 766.2
382 766.233
383 766.267
384 766.267
385 766.267
386 766.267
387 766.267
388 766.267
389 766.267
390 766.267
391 766.267
392 766.267
393 766.3
394 766.3
395 766.3
396 766.3
397 766.3
398 766.333
399 766.333
400 766.333
401 766.333
402 766.333
403 766.333
404 766.333
405 766.333
406 766.333
407 766.333
408 766.367
409 766.4
410 766.667
411 766.667
412 766.667
413 766.667
414 766.667
415 766.667
416 766.667
417 766.667
418 766.667
419 766.667
420 766.667
421 766.667
422 766.667
423 766.667
424 766.667
425 766.667
426 766.667
427 766.667
428 766.667
429 766.7
430 766.7
431 766.7
432 766.7
433 766.7
434 766.7
435 766.7
436 766.7
437 766.7
438 766.7
439 766.7
440 766.7
441 766.7
442 766.7
443 766.7
444 766.7
445 766.733
446 766.733
447 766.733
448 766.733
449 766.733
450 766.733
451 766.733
452 766.733
453 766.733
454 766.733
455 766.733
456 766.733
457 766.767
458 766.767
459 766.767
460 766.767
461 766.767
462 766.767
463 766.767
464 766.767
465 766.767
466 766.767
467 766.767
468 766.767
469 766.767
470 766.767
471 766.767
472 766.8
473 766.8
474 766.8
475 766.8
476 766.8
477 766.8
478 766.8
479 766.8
480 766.8
481 766.8
482 766.8
483 766.8
484 766.8
485 766.8
486 766.8
487 766.8
488 766.8
489 766.8
490 766.8
491 766.8
492 766.8
493 766.8
494 766.8
495 766.8
496 766.8
497 766.8
498 766.8
499 766.833
500 766.833
501 766.9
502 766.9
503 766.9
504 766.9
505 766.9
506 766.9
507 766.9
508 766.9
509 766.9
510 766.9
511 766.9
512 766.9
513 766.9
514 766.9
515 766.9
516 766.9
517 766.9
518 766.9
519 766.9
520 766.9
521 766.9
522 766.9
523 766.9
524 766.9
525 766.9
526 766.9
527 766.9
528 766.9
529 766.9
530 766.9
531 766.9
532 766.933
533 766.933
534 766.933
535 766.933
536 766.967
537 766.967
538 766.967
539 766.967
540 766.967
541 766.967
542 766.967
543 766.967
544 766.967
545 766.967
546 766.967
547 766.967
548 766.967
549 766.967
550 766.967
551 766.967
552 766.967
553 766.967
554 766.967
555 766.967
556 766.967
557 766.967
558 766.967
559 766.967
560 766.967
561 766.967
562 766.967
563 766.967
564 766.967
565 766.967
566 766.967
567 766.967
568 766.967
569 766.967
570 766.967
571 766.967
572 766.967
573 767
574 767
575 767
576 767
577 767
578 767
579 767
580 767
581 767
582 767
583 767
584 767
585 767
586 767
587 767
588 767
589 767
590 767
591 767
592 767
593 767
594 767
595 767
596 767
597 767
598 767
599 767
600 767
601 767
602 767
603 767
604 767
605 767
606 767
607 767
608 767
609 767
610 767
611 767
612 767
613 767
614 767
615 767
616 767
617 767
618 767
619 767
620 767
621 767
622 767
623 767
624 767
625 767
626 767
627 767
628 767
629 767
630 767
631 767
632 767
633 767
634 767
635 767
636 767
637 767
638 767
639 767
640 767
641 767
642 767
643 767
644 767
645 767
646 767
647 767
648 767
649 767
650 767
651 767
652 767
653 767
654 767
655 767
656 767
657 767
658 767
659 767
660 767
661 767
662 767
663 767
664 767
665 767
666 767
667 767
668 767
669 767
670 767
671 767
672 767
673 767
674 767
675 767
676 767
677 767
678 767
679 767
680 767
681 767
682 767
683 767
684 767
685 767
686 767
687 767
688 767
689 767
690 767
691 767
692 767
693 767
694 767
695 767
696 767
697 767
698 767
699 767
700 767
701 767
702 767
703 767
704 767
705 767
706 767
707 767
708 767
709 767
710 767
711 767
712 767
713 767
714 767
715 767
716 767
717 767
718 767
719 767
720 767
721 767
722 767
723 767
724 767
725 767
726 767
727 767
728 767
729 767
730 767
731 767
732 767
733 767
734 767
735 767
736 767
737 767
738 767
739 767
740 767
741 767
742 767
743 767
744 767
745 767
746 767
747 767
748 767
749 767
750 767
751 767
752 767
753 767
754 767
755 767
756 767
757 767
758 767
759 767
760 767
761 767
762 767
763 767
764 767
765 767
766 767
767 767
768 767
769 767
770 767
771 767
772 767
773 767
774 767
775 767
776 767
777 767
778 767
779 767
780 767
781 767
782 767
783 767
784 767
785 767
786 767
787 767
788 767
789 767
790 767
791 767
792 767
793 767
794 767
795 767
796 767
797 767
798 767
799 767
800 767
801 767
802 767
803 767
804 767
805 767
806 767
807 767
808 767
809 767
810 767
811 767
812 767
813 767
814 767
815 767
816 767
817 767
818 767
819 767
820 767
821 767
822 767
823 767
824 767
825 767
826 767
827 767
828 767
829 767
830 767
831 767
832 767
833 767
834 767
835 767
836 767
837 767
838 767
839 767
840 767
841 767
842 767
843 767
844 767
845 767
846 767
847 767
848 767
849 767
850 767
851 767
852 767
853 767
854 767
855 767
856 767
857 767
858 767
859 767
860 767
861 767
862 767
863 767
864 767
865 767
866 767
867 767
868 767
869 767
870 767
871 767
872 767
873 767
874 767
875 767
876 767
877 767
878 767
879 767
880 767
881 767
882 767
883 767
884 767
885 767
886 767
887 767
888 767
889 767
890 767
891 767
892 767
893 767
894 767
895 767
896 767
897 767
898 767
899 767
900 767
901 767
902 767
903 767
904 767
905 767
906 767
907 767
908 767
909 767
910 767
911 767
912 767
913 767
914 767
915 767
916 767
917 767
918 767
919 767
920 767
921 767
922 767
923 767
924 767
925 767
926 767
927 767
928 767
929 767
930 767
931 767
932 767
933 767
934 767
935 767
936 767
937 767
938 767
939 767
940 767
941 767
942 767
943 767
944 767
945 767
946 767
947 767
948 767
949 767
950 767
951 767
952 767
953 767
954 767
955 767
956 767
957 767
958 767
959 767
960 767
961 767
962 767
963 767
964 767
965 767
966 767
967 767
968 767
969 767
970 767
971 767
972 767
973 767
974 767
975 767
976 767
977 767
978 767
979 767
980 767
981 767
982 767
983 767
984 767
985 767
986 767
987 767
988 767
989 767
990 767
991 767
992 767
993 767
994 767
995 767
996 767
997 767
998 767
999 767
1000 767
